START_FILE
START_TRACK
0 1 319 36
END_TRACK
START_TRACK
0 1 255 154
0 2 280 73
END_TRACK
START_TRACK
0 1 279 83
0 2 309 5
END_TRACK
START_TRACK
0 1 41 238
0 2 1 234
END_TRACK
START_TRACK
0 1 166 340
0 2 160 393
0 3 144 452
END_TRACK
START_TRACK
0 1 101 238
0 2 60 236
0 3 5 233
END_TRACK
START_TRACK
0 1 257 212
0 2 269 151
0 3 286 94
0 4 309 28
END_TRACK
START_TRACK
0 1 238 241
0 2 252 169
0 3 275 95
0 4 299 24
END_TRACK
START_TRACK
0 1 257 256
0 2 268 204
0 3 286 130
0 4 312 51
END_TRACK
START_TRACK
0 1 95 208
0 2 95 211
0 3 84 222
0 4 64 227
0 5 30 223
END_TRACK
START_TRACK
0 1 249 251
0 2 262 196
0 3 277 134
0 4 291 75
0 5 315 13
END_TRACK
START_TRACK
0 1 192 201
0 2 189 219
0 3 178 249
0 4 172 300
0 5 161 364
0 6 143 431
END_TRACK
START_TRACK
0 1 237 333
0 2 246 270
0 3 256 202
0 4 274 130
0 5 297 61
END_TRACK
START_TRACK
0 1 253 309
0 2 261 265
0 3 266 222
0 4 279 161
0 5 297 100
0 6 321 29
END_TRACK
START_TRACK
0 1 212 202
0 2 207 230
0 3 199 258
0 4 194 307
0 5 189 356
0 6 187 418
0 7 189 477
END_TRACK
START_TRACK
0 1 203 203
0 2 198 220
0 3 190 250
0 4 183 288
0 5 178 338
0 6 175 392
0 7 175 444
END_TRACK
START_TRACK
0 1 227 380
0 2 229 328
0 3 234 272
0 4 243 214
0 5 257 155
0 6 275 89
0 7 297 33
END_TRACK
START_TRACK
0 1 223 172
0 2 218 189
0 3 207 219
0 4 201 264
0 5 194 310
0 6 189 364
0 7 187 420
0 8 191 485
END_TRACK
START_TRACK
0 1 211 176
0 2 208 187
0 3 199 215
0 4 192 252
0 5 186 301
0 6 177 353
0 7 177 408
0 8 177 464
END_TRACK
START_TRACK
0 1 198 178
0 2 196 185
0 3 190 207
0 4 183 243
0 5 173 288
0 6 165 343
0 7 154 400
0 8 137 459
END_TRACK
START_TRACK
0 1 229 153
0 2 226 161
0 3 218 185
0 4 208 227
0 5 198 277
0 6 190 330
0 7 186 384
0 8 187 444
END_TRACK
START_TRACK
0 1 246 411
0 2 249 358
0 3 254 307
0 4 260 254
0 5 270 201
0 6 284 141
0 7 300 82
0 8 326 17
END_TRACK
START_TRACK
0 1 234 134
0 2 234 134
0 3 231 147
0 4 221 180
0 5 209 225
0 6 196 282
0 7 188 345
0 8 186 410
0 9 188 471
END_TRACK
START_TRACK
0 1 206 153
0 2 203 156
0 3 198 171
0 4 191 201
0 5 180 242
0 6 171 290
0 7 164 339
0 8 156 395
0 9 142 450
END_TRACK
START_TRACK
0 1 277 11
0 2 257 60
0 3 246 100
0 4 233 138
0 5 220 181
0 6 206 234
0 7 195 287
0 8 189 353
0 9 186 421
0 10 190 486
END_TRACK
START_TRACK
0 1 215 155
0 2 214 160
0 3 209 176
0 4 201 202
0 5 196 236
0 6 186 278
0 7 178 326
0 8 167 375
0 9 155 424
0 10 135 476
END_TRACK
START_TRACK
0 1 225 127
0 2 224 130
0 3 224 130
0 4 217 140
0 5 213 170
0 6 202 209
0 7 192 252
0 8 185 297
0 9 182 349
0 10 179 417
0 11 182 483
END_TRACK
START_TRACK
0 1 212 132
0 2 212 132
0 3 209 143
0 4 201 169
0 5 195 198
0 6 184 233
0 7 177 269
0 8 170 318
0 9 162 367
0 10 151 423
0 11 129 482
END_TRACK
START_TRACK
0 1 220 103
0 2 216 105
0 3 220 108
0 4 215 124
0 5 206 152
0 6 197 175
0 7 185 218
0 8 177 267
0 9 171 312
0 10 164 361
0 11 148 426
0 12 129 482
END_TRACK
START_TRACK
0 1 269 8
0 2 258 39
0 3 248 62
0 4 239 90
0 5 231 114
0 6 221 146
0 7 211 185
0 8 197 228
0 9 188 280
0 10 179 337
0 11 175 401
0 12 177 468
END_TRACK
START_TRACK
0 1 229 81
0 2 230 88
0 3 229 84
0 4 225 90
0 5 218 116
0 6 208 145
0 7 198 181
0 8 189 216
0 9 179 261
0 10 170 309
0 11 162 365
0 12 150 426
0 13 131 484
END_TRACK
START_TRACK
0 1 234 58
0 2 236 60
0 3 237 59
0 4 234 66
0 5 227 88
0 6 216 113
0 7 206 146
0 8 195 181
0 9 186 224
0 10 175 269
0 11 167 322
0 12 160 379
0 13 149 437
0 14 125 490
END_TRACK
START_TRACK
0 1 348 58
0 2 348 59
0 3 349 54
0 4 349 58
0 5 348 60
0 6 344 65
0 7 339 74
0 8 334 83
0 9 334 89
0 10 334 85
0 11 325 79
0 12 313 72
0 13 308 56
0 14 320 25
END_TRACK
START_TRACK
0 1 248 29
0 2 247 32
0 3 247 28
0 4 247 29
0 5 245 34
0 6 240 48
0 7 232 76
0 8 218 112
0 9 208 148
0 10 190 194
0 11 181 244
0 12 174 303
0 13 161 367
0 14 148 427
0 15 126 485
END_TRACK
START_TRACK
0 1 257 10
0 2 256 12
0 3 257 9
0 4 255 11
0 5 253 15
0 6 248 26
0 7 240 48
0 8 229 81
0 9 218 120
0 10 205 165
0 11 191 210
0 12 180 259
0 13 174 316
0 14 161 380
0 15 142 443
END_TRACK
START_TRACK
0 1 269 416
0 2 269 416
0 3 269 416
0 4 269 416
0 5 269 416
0 6 269 416
0 7 258 411
0 8 240 398
0 9 227 364
0 10 227 320
0 11 233 270
0 12 242 218
0 13 255 162
0 14 270 107
0 15 290 51
0 16 312 1
END_TRACK
START_TRACK
0 1 290 415
0 2 290 415
0 3 290 415
0 4 290 415
0 5 290 415
0 6 290 415
0 7 283 414
0 8 269 411
0 9 261 406
0 10 261 406
0 11 257 405
0 12 246 394
0 13 242 357
0 14 246 305
0 15 251 235
0 16 261 158
0 17 284 78
0 18 312 2
END_TRACK
START_TRACK
0 1 317 416
0 2 318 416
0 3 318 416
0 4 318 415
0 5 318 415
0 6 318 415
0 7 318 415
0 8 314 415
0 9 296 414
0 10 285 414
0 11 278 414
0 12 275 414
0 13 266 413
0 14 262 412
0 15 262 413
0 16 259 412
0 17 262 410
0 18 254 403
0 19 251 380
0 20 254 346
0 21 254 301
0 22 264 255
0 23 272 192
0 24 288 128
0 25 310 59
END_TRACK
START_TRACK
0 1 280 256
0 2 296 253
0 3 314 260
0 4 327 272
0 5 349 281
0 6 356 280
0 7 384 279
0 8 394 270
0 9 397 268
0 10 397 268
0 11 398 267
0 12 397 266
0 13 398 267
0 14 398 267
0 15 398 266
0 16 398 266
0 17 398 266
0 18 398 266
0 19 397 267
0 20 396 267
0 21 397 266
0 22 398 265
0 23 399 264
0 24 404 256
0 25 417 251
0 26 441 249
0 27 468 251
END_TRACK
START_TRACK
0 1 347 94
0 2 349 94
0 3 349 90
0 4 348 92
0 5 350 93
0 6 349 93
0 7 348 92
0 8 349 93
0 9 349 93
0 10 349 93
0 11 349 93
0 12 349 93
0 13 349 93
0 14 349 93
0 15 349 93
0 16 349 93
0 17 349 93
0 18 349 93
0 19 349 93
0 20 349 93
0 21 350 93
0 22 349 92
0 23 344 83
0 24 339 78
0 25 334 76
0 26 343 78
0 27 372 78
0 28 403 77
0 29 432 77
0 30 458 68
0 31 465 40
0 32 467 11
END_TRACK
START_TRACK
0 1 349 416
0 2 349 415
0 3 348 415
0 4 348 414
0 5 345 414
0 6 345 414
0 7 345 412
0 8 347 414
0 9 342 413
0 10 338 413
0 11 327 412
0 12 317 415
0 13 307 416
0 14 296 418
0 15 288 419
0 16 284 417
0 17 284 418
0 18 282 419
0 19 272 417
0 20 270 416
0 21 269 416
0 22 268 416
0 23 269 415
0 24 268 415
0 25 266 415
0 26 261 416
0 27 242 396
0 28 231 361
0 29 231 306
0 30 241 233
0 31 258 162
0 32 280 86
0 33 308 15
END_TRACK
START_TRACK
0 1 274 434
0 2 274 434
0 3 274 434
0 4 273 434
0 5 273 434
0 6 273 434
0 7 273 434
0 8 273 434
0 9 272 431
0 10 272 431
0 11 272 431
0 12 272 431
0 13 273 434
0 14 273 434
0 15 275 436
0 16 275 436
0 17 277 434
0 18 276 436
0 19 276 436
0 20 276 436
0 21 277 434
0 22 277 434
0 23 277 434
0 24 277 434
0 25 277 434
0 26 277 434
0 27 277 434
0 28 277 433
0 29 277 433
0 30 277 433
0 31 277 434
0 32 270 434
0 33 248 441
0 34 219 460
END_TRACK
START_TRACK
0 1 293 431
0 2 293 432
0 3 293 432
0 4 293 431
0 5 293 431
0 6 293 431
0 7 293 431
0 8 293 431
0 9 293 431
0 10 293 431
0 11 293 431
0 12 293 431
0 13 293 431
0 14 293 431
0 15 294 433
0 16 293 433
0 17 293 433
0 18 292 433
0 19 292 433
0 20 291 433
0 21 291 432
0 22 291 433
0 23 291 433
0 24 291 433
0 25 290 434
0 26 290 433
0 27 291 431
0 28 291 431
0 29 291 433
0 30 292 431
0 31 293 431
0 32 289 430
0 33 284 433
0 34 260 433
0 35 228 448
0 36 198 483
END_TRACK
START_TRACK
0 1 317 428
0 2 316 429
0 3 316 429
0 4 316 429
0 5 317 429
0 6 317 429
0 7 316 428
0 8 316 428
0 9 316 428
0 10 316 428
0 11 316 427
0 12 316 428
0 13 316 428
0 14 317 429
0 15 317 429
0 16 316 430
0 17 316 430
0 18 317 430
0 19 317 430
0 20 317 430
0 21 317 430
0 22 317 429
0 23 317 429
0 24 317 429
0 25 317 429
0 26 316 429
0 27 315 429
0 28 315 429
0 29 315 429
0 30 314 427
0 31 314 426
0 32 314 428
0 33 306 431
0 34 293 429
0 35 266 433
0 36 235 446
0 37 204 474
END_TRACK
START_TRACK
0 1 344 428
0 2 344 428
0 3 346 427
0 4 346 427
0 5 346 427
0 6 346 427
0 7 345 425
0 8 345 426
0 9 345 426
0 10 345 424
0 11 344 424
0 12 344 424
0 13 345 427
0 14 346 427
0 15 346 427
0 16 346 427
0 17 346 427
0 18 346 429
0 19 345 428
0 20 345 428
0 21 345 428
0 22 344 427
0 23 344 427
0 24 344 427
0 25 344 428
0 26 343 428
0 27 343 426
0 28 343 427
0 29 344 427
0 30 342 425
0 31 343 426
0 32 343 426
0 33 339 427
0 34 328 427
0 35 306 427
0 36 268 429
0 37 233 443
0 38 205 471
END_TRACK
START_TRACK
0 1 138 248
0 2 139 248
0 3 139 248
0 4 139 248
0 5 139 248
0 6 139 248
0 7 139 248
0 8 139 248
0 9 139 248
0 10 140 248
0 11 140 248
0 12 140 248
0 13 140 248
0 14 140 248
0 15 140 248
0 16 140 248
0 17 139 248
0 18 142 252
0 19 140 250
0 20 142 252
0 21 140 250
0 22 140 250
0 23 139 250
0 24 140 249
0 25 140 250
0 26 139 250
0 27 140 250
0 28 142 250
0 29 138 250
0 30 142 247
0 31 144 247
0 32 145 249
0 33 159 248
0 34 183 244
0 35 216 227
0 36 250 198
0 37 271 148
0 38 288 92
0 39 312 29
END_TRACK
START_TRACK
0 1 119 249
0 2 119 250
0 3 119 250
0 4 119 250
0 5 119 250
0 6 116 250
0 7 116 250
0 8 116 250
0 9 117 250
0 10 117 250
0 11 117 250
0 12 117 250
0 13 117 250
0 14 117 250
0 15 117 250
0 16 117 250
0 17 117 250
0 18 117 250
0 19 117 250
0 20 121 252
0 21 116 251
0 22 116 251
0 23 117 252
0 24 117 252
0 25 116 251
0 26 117 252
0 27 116 250
0 28 118 250
0 29 118 252
0 30 119 249
0 31 120 251
0 32 119 250
0 33 125 249
0 34 150 248
0 35 178 245
0 36 216 230
0 37 252 197
0 38 277 146
0 39 301 84
0 40 329 12
END_TRACK
START_TRACK
0 1 294 233
0 2 294 230
0 3 292 230
0 4 294 231
0 5 294 231
0 6 294 231
0 7 294 231
0 8 294 231
0 9 294 231
0 10 294 231
0 11 294 231
0 12 294 231
0 13 294 233
0 14 294 233
0 15 294 233
0 16 294 233
0 17 294 233
0 18 294 234
0 19 294 233
0 20 294 233
0 21 292 234
0 22 293 233
0 23 293 232
0 24 294 234
0 25 294 233
0 26 294 235
0 27 293 233
0 28 293 235
0 29 293 235
0 30 293 231
0 31 292 234
0 32 288 234
0 33 259 239
0 34 228 249
0 35 200 274
0 36 189 316
0 37 187 357
0 38 188 379
0 39 187 391
0 40 189 399
0 41 187 399
0 42 188 397
0 43 187 400
0 44 187 405
0 45 186 428
0 46 189 461
END_TRACK
START_TRACK
0 1 310 228
0 2 307 227
0 3 308 227
0 4 316 226
0 5 321 227
0 6 319 226
0 7 320 228
0 8 319 228
0 9 315 230
0 10 312 234
0 11 309 233
0 12 310 234
0 13 310 236
0 14 309 236
0 15 309 234
0 16 310 236
0 17 310 235
0 18 311 237
0 19 309 237
0 20 310 235
0 21 309 235
0 22 308 236
0 23 309 237
0 24 309 237
0 25 308 235
0 26 308 237
0 27 309 237
0 28 308 235
0 29 309 237
0 30 308 233
0 31 308 235
0 32 308 235
0 33 298 238
0 34 264 237
0 35 229 246
0 36 199 280
0 37 191 316
0 38 189 346
0 39 191 365
0 40 191 374
0 41 190 377
0 42 190 375
0 43 191 376
0 44 191 375
0 45 188 375
0 46 189 398
0 47 187 440
0 48 190 487
END_TRACK
START_TRACK
0 1 209 417
0 2 205 368
0 3 206 330
0 4 208 302
0 5 209 299
0 6 208 296
0 7 208 293
0 8 208 296
0 9 208 293
0 10 208 294
0 11 208 294
0 12 208 293
0 13 208 293
0 14 208 294
0 15 208 294
0 16 208 294
0 17 207 293
0 18 209 296
0 19 210 296
0 20 210 295
0 21 208 295
0 22 208 294
0 23 207 294
0 24 207 293
0 25 207 293
0 26 207 293
0 27 208 293
0 28 208 292
0 29 208 293
0 30 207 293
0 31 207 293
0 32 207 292
0 33 208 292
0 34 208 293
0 35 208 293
0 36 208 293
0 37 208 293
0 38 208 293
0 39 208 293
0 40 209 292
0 41 209 292
0 42 209 292
0 43 209 292
0 44 211 291
0 45 211 291
0 46 211 291
0 47 211 291
0 48 211 291
0 49 210 290
0 50 209 290
0 51 209 290
0 52 209 290
0 53 207 278
0 54 195 253
0 55 163 236
0 56 121 236
0 57 68 238
0 58 14 237
END_TRACK
START_TRACK
0 1 222 474
0 2 216 433
0 3 212 388
0 4 215 353
0 5 215 330
0 6 217 313
0 7 217 306
0 8 218 301
0 9 218 301
0 10 218 301
0 11 218 301
0 12 218 301
0 13 218 301
0 14 218 301
0 15 218 301
0 16 218 301
0 17 216 300
0 18 219 300
0 19 219 300
0 20 219 300
0 21 219 300
0 22 219 300
0 23 219 300
0 24 219 300
0 25 219 300
0 26 219 301
0 27 219 301
0 28 219 301
0 29 219 301
0 30 219 301
0 31 219 301
0 32 219 300
0 33 219 300
0 34 219 300
0 35 219 300
0 36 219 300
0 37 219 300
0 38 219 300
0 39 219 300
0 40 221 300
0 41 221 300
0 42 221 300
0 43 221 300
0 44 221 300
0 45 221 300
0 46 221 300
0 47 221 300
0 48 221 300
0 49 221 300
0 50 219 298
0 51 219 298
0 52 219 298
0 53 217 285
0 54 215 263
0 55 191 237
0 56 153 226
0 57 103 227
0 58 53 226
END_TRACK
START_TRACK
0 1 374 415
0 2 374 415
0 3 374 415
0 4 374 415
0 5 374 415
0 6 374 415
0 7 374 415
0 8 374 415
0 9 374 415
0 10 372 414
0 11 366 413
0 12 362 414
0 13 346 415
0 14 332 415
0 15 322 418
0 16 314 418
0 17 313 418
0 18 314 420
0 19 304 419
0 20 291 418
0 21 288 418
0 22 288 418
0 23 288 418
0 24 288 418
0 25 287 419
0 26 286 419
0 27 282 417
0 28 277 417
0 29 274 418
0 30 274 416
0 31 271 416
0 32 246 416
0 33 226 407
0 34 216 387
0 35 214 373
0 36 214 371
0 37 215 371
0 38 215 371
0 39 215 371
0 40 215 371
0 41 215 371
0 42 215 371
0 43 215 371
0 44 215 371
0 45 215 371
0 46 216 369
0 47 216 369
0 48 216 369
0 49 216 369
0 50 216 369
0 51 216 369
0 52 216 369
0 53 216 369
0 54 216 369
0 55 216 354
0 56 218 323
0 57 220 292
0 58 210 259
0 59 182 233
0 60 138 225
0 61 86 224
0 62 26 223
END_TRACK
START_TRACK
0 1 84 129
0 2 84 129
0 3 85 129
0 4 86 129
0 5 86 129
0 6 87 129
0 7 85 130
0 8 86 131
0 9 85 129
0 10 86 130
0 11 87 129
0 12 86 128
0 13 89 130
0 14 88 128
0 15 87 131
0 16 87 130
0 17 89 132
0 18 89 132
0 19 89 131
0 20 89 131
0 21 90 130
0 22 90 131
0 23 90 131
0 24 90 131
0 25 91 132
0 26 90 134
0 27 91 133
0 28 91 132
0 29 94 133
0 30 103 132
0 31 111 130
0 32 112 127
0 33 110 130
0 34 109 138
0 35 108 155
0 36 107 174
0 37 102 194
0 38 97 204
0 39 95 213
0 40 93 212
0 41 95 211
0 42 94 212
0 43 94 212
0 44 93 211
0 45 95 214
0 46 95 214
0 47 94 217
0 48 89 223
0 49 88 236
0 50 100 251
0 51 114 255
0 52 132 256
0 53 134 256
0 54 135 256
0 55 137 255
0 56 137 255
0 57 136 255
0 58 136 255
0 59 136 255
0 60 136 255
0 61 136 255
0 62 136 255
0 63 136 255
0 64 136 255
0 65 136 255
0 66 136 255
0 67 136 255
0 68 136 255
0 69 136 255
0 70 136 255
0 71 136 255
0 72 136 255
0 73 136 255
0 74 136 255
0 75 136 255
0 76 136 255
0 77 136 255
0 78 136 255
0 79 136 255
0 80 136 255
0 81 136 258
0 82 136 258
0 83 136 258
0 84 136 258
0 85 136 258
0 86 136 258
0 87 136 258
0 88 136 258
0 89 136 258
0 90 136 258
0 91 136 258
0 92 136 258
0 93 136 258
0 94 136 258
0 95 136 258
0 96 136 258
0 97 136 258
0 98 136 258
0 99 136 258
END_TRACK
START_TRACK
0 1 418 95
0 2 418 95
0 3 418 95
0 4 418 95
0 5 419 95
0 6 419 95
0 7 419 95
0 8 420 95
0 9 420 94
0 10 420 94
0 11 420 94
0 12 420 94
0 13 420 94
0 14 420 94
0 15 420 94
0 16 420 94
0 17 420 94
0 18 420 94
0 19 420 94
0 20 421 94
0 21 421 94
0 22 421 94
0 23 421 94
0 24 421 94
0 25 421 94
0 26 421 94
0 27 421 94
0 28 421 94
0 29 421 94
0 30 421 94
0 31 421 94
0 32 421 94
0 33 421 94
0 34 421 94
0 35 421 94
0 36 422 94
0 37 422 95
0 38 422 95
0 39 422 95
0 40 422 95
0 41 422 95
0 42 422 95
0 43 422 95
0 44 422 95
0 45 422 95
0 46 422 95
0 47 422 95
0 48 422 95
0 49 422 95
0 50 422 95
0 51 422 95
0 52 422 95
0 53 422 95
0 54 422 95
0 55 422 95
0 56 422 95
0 57 422 95
0 58 422 95
0 59 422 95
0 60 420 94
0 61 420 94
0 62 420 94
0 63 420 94
0 64 420 94
0 65 420 94
0 66 420 94
0 67 420 94
0 68 420 94
0 69 420 94
0 70 420 94
0 71 420 94
0 72 420 94
0 73 420 94
0 74 420 94
0 75 420 94
0 76 420 94
0 77 420 94
0 78 420 94
0 79 420 94
0 80 420 94
0 81 420 94
0 82 420 94
0 83 420 94
0 84 420 94
0 85 420 94
0 86 420 94
0 87 420 94
0 88 420 94
0 89 420 94
0 90 420 94
0 91 420 94
0 92 420 94
0 93 420 94
0 94 420 94
0 95 420 94
0 96 420 94
0 97 420 94
0 98 420 94
0 99 420 94
0 100 420 94
END_TRACK
START_TRACK
0 2 225 455
0 3 227 393
0 4 230 325
0 5 238 250
0 6 254 171
0 7 277 92
0 8 305 21
END_TRACK
START_TRACK
0 2 245 460
0 3 246 394
0 4 250 329
0 5 258 264
0 6 267 200
0 7 281 141
0 8 301 77
0 9 326 13
END_TRACK
START_TRACK
0 3 277 1
0 4 269 32
0 5 261 74
0 6 247 122
0 7 233 167
0 8 225 208
0 9 238 234
0 10 274 249
0 11 309 249
0 12 348 249
0 13 397 251
0 14 418 250
0 15 456 249
END_TRACK
START_TRACK
0 3 136 267
0 4 144 266
0 5 142 266
0 6 140 264
0 7 141 264
0 8 143 266
0 9 143 263
0 10 143 265
0 11 142 263
0 12 140 263
0 13 143 267
0 14 141 263
0 15 143 266
0 16 142 264
0 17 155 269
0 18 166 299
0 19 166 340
0 20 160 390
0 21 135 462
END_TRACK
START_TRACK
0 3 480 233
0 4 429 231
0 5 389 234
0 6 372 232
0 7 362 232
0 8 359 232
0 9 355 232
0 10 353 231
0 11 348 230
0 12 346 229
0 13 343 229
0 14 341 228
0 15 338 227
0 16 337 227
0 17 337 228
0 18 337 228
0 19 336 229
0 20 336 229
0 21 337 229
0 22 336 229
0 23 336 229
0 24 336 229
0 25 336 229
0 26 337 229
0 27 336 229
0 28 336 229
0 29 333 229
0 30 334 225
0 31 333 228
0 32 333 228
0 33 331 227
0 34 314 227
0 35 295 227
0 36 289 226
0 37 291 225
0 38 287 225
0 39 262 225
0 40 221 227
0 41 173 227
0 42 111 228
0 43 46 225
END_TRACK
START_TRACK
0 3 222 471
0 4 220 421
0 5 216 384
0 6 215 356
0 7 216 340
0 8 217 332
0 9 218 323
0 10 218 322
0 11 218 322
0 12 218 321
0 13 218 321
0 14 219 321
0 15 219 321
0 16 219 322
0 17 219 322
0 18 219 322
0 19 220 322
0 20 220 322
0 21 220 322
0 22 220 322
0 23 220 322
0 24 220 322
0 25 220 322
0 26 219 322
0 27 219 322
0 28 219 322
0 29 219 322
0 30 219 322
0 31 219 322
0 32 219 320
0 33 219 320
0 34 219 320
0 35 219 320
0 36 219 320
0 37 219 320
0 38 218 320
0 39 218 320
0 40 218 320
0 41 218 320
0 42 218 320
0 43 218 320
0 44 218 320
0 45 218 320
0 46 218 320
0 47 219 320
0 48 219 320
0 49 219 320
0 50 219 320
0 51 219 320
0 52 219 320
0 53 219 313
0 54 218 302
0 55 222 269
0 56 204 244
0 57 169 233
0 58 124 225
0 59 77 226
0 60 25 225
END_TRACK
START_TRACK
0 4 235 487
0 5 227 421
0 6 227 343
0 7 236 268
0 8 250 183
0 9 273 101
0 10 304 18
END_TRACK
START_TRACK
0 4 218 451
0 5 208 409
0 6 203 365
0 7 206 333
0 8 207 312
0 9 207 311
0 10 207 311
0 11 208 311
0 12 208 311
0 13 208 311
0 14 208 311
0 15 209 311
0 16 209 311
0 17 208 311
0 18 208 311
0 19 208 311
0 20 209 311
0 21 209 312
0 22 209 312
0 23 209 312
0 24 208 312
0 25 208 312
0 26 208 313
0 27 208 312
0 28 208 312
0 29 208 312
0 30 208 312
0 31 208 312
0 32 208 312
0 33 208 312
0 34 208 312
0 35 208 312
0 36 208 312
0 37 208 312
0 38 208 312
0 39 208 312
0 40 208 312
0 41 208 312
0 42 208 312
0 43 208 312
0 44 208 312
0 45 208 312
0 46 208 312
0 47 208 312
0 48 208 313
0 49 209 313
0 50 209 313
0 51 208 313
0 52 208 313
0 53 208 311
0 54 208 287
0 55 181 279
0 56 174 292
0 57 168 327
0 58 160 371
0 59 149 427
0 60 127 485
END_TRACK
START_TRACK
0 6 359 473
0 7 412 457
0 8 473 469
END_TRACK
START_TRACK
0 6 245 396
0 7 252 302
0 8 266 209
0 9 287 121
0 10 317 35
END_TRACK
START_TRACK
0 6 267 31
0 7 250 85
0 8 232 142
0 9 214 203
0 10 198 267
0 11 187 336
0 12 187 414
0 13 192 486
END_TRACK
START_TRACK
0 7 259 2
0 8 248 27
0 9 237 57
0 10 222 100
0 11 208 145
0 12 193 191
0 13 182 244
0 14 171 306
0 15 161 371
0 16 141 435
0 17 126 489
END_TRACK
START_TRACK
0 9 248 479
0 10 247 413
0 11 250 341
0 12 257 271
0 13 268 198
0 14 287 126
0 15 309 55
END_TRACK
START_TRACK
0 9 451 415
0 10 409 410
0 11 394 411
0 12 390 412
0 13 387 413
0 14 379 413
0 15 361 414
0 16 344 415
0 17 339 415
0 18 334 417
0 19 334 414
0 20 326 414
0 21 313 415
0 22 311 415
0 23 309 415
0 24 308 415
0 25 308 416
0 26 308 417
0 27 309 414
0 28 308 414
0 29 304 415
0 30 296 413
0 31 291 414
0 32 283 416
0 33 265 412
0 34 243 391
0 35 237 354
0 36 236 317
0 37 233 296
0 38 235 291
0 39 235 293
0 40 235 293
0 41 235 294
0 42 236 293
0 43 236 293
0 44 236 291
0 45 236 291
0 46 236 291
0 47 237 292
0 48 237 292
0 49 235 291
0 50 235 291
0 51 235 291
0 52 235 288
0 53 238 259
0 54 246 210
0 55 261 146
0 56 282 69
END_TRACK
START_TRACK
0 10 251 464
0 11 248 382
0 12 251 320
0 13 262 249
0 14 273 176
0 15 295 100
0 16 317 36
END_TRACK
START_TRACK
0 10 241 41
0 11 226 86
0 12 210 135
0 13 195 175
0 14 181 235
0 15 176 289
0 16 165 346
0 17 155 410
0 18 130 472
END_TRACK
START_TRACK
0 10 258 5
0 11 243 44
0 12 227 90
0 13 212 136
0 14 197 183
0 15 184 239
0 16 168 296
0 17 158 353
0 18 150 417
0 19 125 481
END_TRACK
START_TRACK
0 11 246 90
0 12 220 180
0 13 198 271
0 14 186 360
0 15 188 455
END_TRACK
START_TRACK
0 11 273 15
0 12 242 105
0 13 215 193
0 14 195 292
0 15 188 381
0 16 188 476
END_TRACK
START_TRACK
0 11 215 450
0 12 206 405
0 13 204 363
0 14 206 341
0 15 206 333
0 16 206 332
0 17 205 332
0 18 205 332
0 19 206 332
0 20 206 332
0 21 205 332
0 22 205 332
0 23 205 332
0 24 205 333
0 25 205 333
0 26 205 333
0 27 205 333
0 28 205 333
0 29 205 333
0 30 205 333
0 31 205 333
0 32 205 333
0 33 205 333
0 34 205 333
0 35 205 333
0 36 205 331
0 37 205 331
0 38 205 329
0 39 205 329
0 40 205 329
0 41 205 329
0 42 205 329
0 43 205 329
0 44 206 329
0 45 206 329
0 46 206 329
0 47 208 329
0 48 208 329
0 49 208 329
0 50 208 329
0 51 208 328
0 52 208 328
0 53 206 328
0 54 208 310
0 55 208 288
0 56 194 257
0 57 158 240
0 58 106 235
0 59 41 235
END_TRACK
START_TRACK
0 12 256 26
0 13 242 83
0 14 216 171
0 15 193 258
0 16 180 349
0 17 176 446
END_TRACK
START_TRACK
0 12 269 2
0 13 275 19
0 14 248 102
0 15 221 187
0 16 197 279
0 17 190 374
0 18 191 471
END_TRACK
START_TRACK
0 12 241 43
0 13 219 101
0 14 206 152
0 15 193 195
0 16 178 250
0 17 169 306
0 18 161 374
0 19 143 437
0 20 124 487
END_TRACK
START_TRACK
0 14 419 250
0 15 455 250
END_TRACK
START_TRACK
0 15 249 58
0 16 219 142
0 17 196 233
0 18 186 313
0 19 176 404
0 20 178 483
END_TRACK
START_TRACK
0 15 270 24
0 16 243 107
0 17 221 195
0 18 202 278
0 19 190 353
0 20 188 434
END_TRACK
START_TRACK
0 15 248 484
0 16 248 415
0 17 252 336
0 18 263 260
0 19 274 184
0 20 294 109
0 21 318 34
END_TRACK
START_TRACK
0 15 235 443
0 16 235 372
0 17 243 308
0 18 254 239
0 19 265 167
0 20 285 95
0 21 311 26
END_TRACK
START_TRACK
0 16 249 50
0 17 222 131
0 18 200 218
0 19 184 305
0 20 178 395
0 21 178 479
END_TRACK
START_TRACK
0 16 278 9
0 17 248 87
0 18 225 167
0 19 201 251
0 20 193 333
0 21 187 417
END_TRACK
START_TRACK
0 16 262 50
0 17 237 129
0 18 212 218
0 19 197 302
0 20 190 383
0 21 187 464
END_TRACK
START_TRACK
0 16 246 472
0 17 246 388
0 18 254 311
0 19 263 240
0 20 276 165
0 21 298 89
0 22 320 26
END_TRACK
START_TRACK
0 16 224 482
0 17 218 436
0 18 213 405
0 19 207 378
0 20 208 364
0 21 205 356
0 22 205 356
0 23 205 357
0 24 205 357
0 25 205 356
0 26 206 356
0 27 206 356
0 28 207 356
0 29 205 354
0 30 205 354
0 31 206 354
0 32 206 354
0 33 206 354
0 34 206 354
0 35 206 354
0 36 206 354
0 37 206 354
0 38 206 354
0 39 207 352
0 40 207 352
0 41 207 352
0 42 207 352
0 43 207 352
0 44 207 352
0 45 207 352
0 46 209 352
0 47 209 352
0 48 209 350
0 49 207 349
0 50 207 348
0 51 207 348
0 52 206 350
0 53 205 351
0 54 207 347
0 55 207 323
0 56 209 293
0 57 198 260
0 58 162 238
0 59 112 234
0 60 55 234
END_TRACK
START_TRACK
0 17 244 63
0 18 217 142
0 19 190 217
0 20 182 287
0 21 164 362
0 22 147 432
END_TRACK
START_TRACK
0 18 265 41
0 19 233 130
0 20 211 219
0 21 191 313
0 22 186 403
0 23 188 486
END_TRACK
START_TRACK
0 18 28 256
0 19 66 259
0 20 105 264
0 21 121 260
0 22 129 260
0 23 130 260
0 24 130 260
0 25 131 260
0 26 132 261
0 27 132 261
0 28 134 261
0 29 136 262
0 30 136 259
0 31 139 258
0 32 138 259
0 33 139 259
0 34 139 258
0 35 138 262
0 36 138 260
0 37 138 262
0 38 140 259
0 39 167 257
0 40 204 258
0 41 254 252
0 42 310 247
0 43 375 246
0 44 442 249
END_TRACK
START_TRACK
0 19 473 238
0 20 434 235
0 21 401 230
0 22 379 230
0 23 367 229
0 24 365 230
0 25 365 230
0 26 365 230
0 27 365 230
0 28 366 231
0 29 366 231
0 30 366 228
0 31 366 229
0 32 366 230
0 33 366 230
0 34 362 229
0 35 358 230
0 36 348 228
0 37 333 228
0 38 323 228
0 39 309 227
0 40 282 226
0 41 243 226
0 42 198 225
0 43 151 227
0 44 92 226
0 45 39 226
END_TRACK
START_TRACK
0 20 248 466
0 21 244 405
0 22 248 350
0 23 256 287
0 24 266 218
0 25 285 144
0 26 304 79
0 27 326 16
END_TRACK
START_TRACK
0 20 44 267
0 21 89 271
0 22 133 271
0 23 138 273
0 24 138 272
0 25 136 271
0 26 137 271
0 27 137 271
0 28 138 271
0 29 139 271
0 30 140 272
0 31 140 272
0 32 141 272
0 33 141 273
0 34 142 271
0 35 142 272
0 36 143 272
0 37 146 273
0 38 168 283
0 39 189 317
0 40 192 346
0 41 193 353
0 42 192 351
0 43 193 352
0 44 192 353
0 45 191 351
0 46 192 359
0 47 191 387
0 48 193 426
END_TRACK
START_TRACK
0 21 247 479
0 22 243 410
0 23 249 343
0 24 257 276
0 25 271 206
0 26 271 206
0 27 312 60
END_TRACK
START_TRACK
0 21 215 454
0 22 212 408
0 23 213 374
0 24 213 353
0 25 213 346
0 26 214 348
0 27 214 349
0 28 214 348
0 29 214 348
0 30 214 348
0 31 214 348
0 32 214 346
0 33 214 348
0 34 214 348
0 35 214 348
0 36 214 348
0 37 214 347
0 38 214 347
0 39 214 346
0 40 215 344
0 41 216 344
0 42 216 344
0 43 216 344
0 44 216 344
0 45 216 343
0 46 216 343
0 47 217 343
0 48 217 343
0 49 217 344
0 50 217 344
0 51 217 340
0 52 215 342
0 53 215 344
0 54 217 339
0 55 219 312
0 56 220 282
0 57 209 258
0 58 181 231
0 59 143 228
0 60 97 224
0 61 39 222
END_TRACK
START_TRACK
0 22 237 472
0 23 237 375
0 24 244 278
0 25 260 182
0 26 287 83
END_TRACK
START_TRACK
0 22 246 483
0 23 251 407
0 24 251 340
0 25 260 273
0 26 270 206
0 27 289 132
0 28 309 71
END_TRACK
START_TRACK
0 22 243 50
0 23 217 121
0 24 199 184
0 25 184 246
0 26 172 301
0 27 166 358
0 28 155 409
0 29 138 456
END_TRACK
START_TRACK
0 22 7 265
0 23 62 267
0 24 98 269
0 25 110 269
0 26 112 269
0 27 113 270
0 28 113 268
0 29 113 267
0 30 123 267
0 31 124 270
0 32 124 268
0 33 124 269
0 34 124 270
0 35 124 270
0 36 124 270
0 37 126 270
0 38 129 270
0 39 149 271
0 40 172 299
0 41 171 341
0 42 158 398
0 43 140 457
END_TRACK
START_TRACK
0 23 258 4
0 24 228 72
0 25 203 133
0 26 186 181
0 27 175 214
0 28 150 230
0 29 114 234
0 30 66 233
0 31 13 234
END_TRACK
START_TRACK
0 24 262 48
0 25 234 133
0 26 209 219
0 27 194 305
0 28 186 399
0 29 187 489
END_TRACK
START_TRACK
0 24 2 248
0 25 49 241
0 26 80 236
0 27 104 215
0 28 119 205
0 30 154 187
0 31 163 171
0 32 161 154
END_TRACK
START_TRACK
0 24 464 239
0 25 420 239
0 26 376 242
0 27 343 243
0 28 327 235
0 29 327 237
0 30 326 234
0 31 328 235
0 32 327 236
0 33 323 239
0 34 298 238
0 35 258 238
0 36 218 251
0 37 185 285
0 38 170 336
0 39 157 401
0 40 135 476
END_TRACK
START_TRACK
0 25 246 417
0 26 250 326
0 27 263 230
0 28 280 145
0 29 306 63
END_TRACK
START_TRACK
0 25 419 414
0 26 369 416
0 27 345 415
0 28 331 413
0 29 324 415
0 30 318 415
0 31 313 413
0 32 305 414
0 33 293 417
0 34 274 413
0 35 251 394
0 36 242 363
0 37 239 328
0 38 243 304
0 39 244 297
0 40 244 293
0 41 246 291
0 42 246 290
0 43 246 290
0 44 246 290
0 45 246 289
0 46 246 289
0 47 246 289
0 48 246 290
0 49 246 291
0 50 246 291
0 51 246 289
0 52 246 285
0 53 250 251
0 54 268 163
0 55 290 83
END_TRACK
START_TRACK
0 26 244 27
0 27 219 78
0 28 205 124
0 29 191 165
0 30 184 187
0 31 182 201
0 32 179 204
0 33 180 207
0 34 181 210
0 35 169 223
0 36 154 232
0 37 122 234
0 38 79 233
0 39 33 234
END_TRACK
START_TRACK
0 26 259 48
0 27 238 129
0 28 214 205
0 29 196 282
0 30 189 343
0 31 187 393
0 32 187 423
0 33 187 441
0 34 187 441
0 35 187 441
0 36 187 441
0 37 187 441
0 38 187 440
0 39 187 440
0 40 189 442
0 41 188 440
0 42 188 440
0 43 189 442
0 44 189 462
END_TRACK
START_TRACK
0 27 242 50
0 28 216 122
0 29 197 196
0 30 182 259
0 31 170 325
0 32 156 386
0 33 141 453
END_TRACK
START_TRACK
0 27 8 262
0 28 79 266
0 29 103 266
0 30 103 266
0 31 103 266
0 32 103 266
0 33 106 266
0 34 106 266
0 35 108 266
0 36 108 268
0 37 109 268
0 38 112 266
0 39 134 266
0 40 140 267
0 41 163 286
0 42 169 326
0 43 166 367
0 44 152 417
0 45 130 474
END_TRACK
START_TRACK
0 27 261 51
0 28 241 127
0 29 213 209
0 30 198 275
0 31 191 336
0 32 189 374
0 33 189 403
0 34 187 415
0 35 187 419
0 36 188 418
0 37 187 417
0 38 187 417
0 39 187 416
0 40 189 417
0 41 189 417
0 42 188 415
0 43 189 418
0 44 189 428
0 45 187 455
0 46 191 489
END_TRACK
START_TRACK
0 28 250 20
0 29 230 73
0 30 205 129
0 31 198 167
0 32 196 171
0 33 195 179
0 34 195 179
0 35 191 190
0 36 175 216
0 37 133 225
0 38 117 232
0 39 75 231
0 40 24 229
END_TRACK
START_TRACK
0 28 246 71
0 29 219 156
0 30 197 237
0 31 186 311
0 32 177 372
0 33 176 410
0 34 177 436
0 35 174 439
0 36 175 442
0 37 176 442
0 38 176 442
0 39 177 440
0 40 178 442
0 41 178 442
0 42 178 441
0 43 178 444
0 44 179 459
END_TRACK
START_TRACK
0 28 247 460
0 29 245 382
0 30 248 325
0 31 252 300
0 32 253 292
0 33 253 293
0 34 253 293
0 35 253 292
0 36 253 292
0 37 253 292
0 38 253 294
0 39 253 292
0 40 253 294
0 41 253 291
0 42 253 294
0 43 252 292
0 44 252 291
0 45 252 290
0 46 255 295
0 47 255 292
0 48 255 296
0 49 253 293
0 50 251 291
0 51 254 290
0 52 254 291
0 53 256 274
0 54 262 237
0 55 276 183
0 56 290 119
0 57 314 50
END_TRACK
START_TRACK
0 29 255 13
0 30 233 75
0 31 218 125
0 32 209 152
0 33 205 177
0 34 199 192
0 35 196 196
0 36 196 196
0 37 197 196
0 38 197 196
0 39 197 196
0 40 198 196
0 41 198 196
0 42 198 196
0 43 198 195
0 44 198 195
0 45 198 195
0 46 198 195
0 47 198 195
0 48 198 195
0 49 198 195
0 50 198 195
0 51 198 195
0 52 198 195
0 53 198 195
0 54 198 195
0 55 196 194
0 56 196 194
0 57 196 194
0 58 196 194
0 59 195 195
0 60 196 196
0 61 195 196
0 62 195 196
0 63 195 196
0 64 195 196
0 65 196 196
0 66 184 234
0 67 178 281
0 68 168 334
0 69 157 397
0 70 135 468
END_TRACK
START_TRACK
0 29 275 13
0 30 250 84
0 31 232 138
0 32 218 171
0 33 217 196
0 34 213 195
0 35 213 195
0 36 214 195
0 37 214 195
0 38 215 195
0 39 215 195
0 40 215 194
0 41 215 194
0 42 215 194
0 43 216 194
0 44 216 194
0 45 217 193
0 46 216 195
0 47 217 195
0 48 217 195
0 49 216 195
0 50 216 195
0 51 216 195
0 52 216 195
0 53 216 195
0 54 216 195
0 55 216 195
0 56 216 195
0 57 215 198
0 58 215 197
0 59 215 197
0 60 215 195
0 61 215 197
0 62 215 197
0 63 215 195
0 64 215 196
0 65 211 201
0 66 207 223
0 67 200 256
0 68 191 304
0 69 188 357
0 70 185 420
0 71 192 480
END_TRACK
START_TRACK
0 30 211 443
0 31 208 402
0 32 206 381
0 33 207 378
0 34 208 375
0 35 207 374
0 36 207 374
0 37 207 374
0 38 207 375
0 39 207 375
0 40 207 375
0 41 207 375
0 42 207 375
0 43 207 375
0 44 208 372
0 45 207 369
0 46 209 369
0 47 209 369
0 48 207 368
0 49 206 367
0 50 207 368
0 51 207 368
0 52 206 368
0 53 206 368
0 54 207 371
0 55 205 354
0 56 207 331
0 57 208 301
0 58 205 266
0 59 171 247
0 60 124 240
0 61 66 238
0 62 5 237
END_TRACK
START_TRACK
0 31 363 470
0 32 426 461
END_TRACK
START_TRACK
0 31 24 264
0 32 60 264
0 33 78 269
0 34 84 268
0 35 84 268
0 36 86 268
0 37 88 269
0 38 86 265
0 39 91 265
0 40 109 270
0 41 138 266
0 42 159 278
0 43 174 305
0 44 170 350
0 45 156 406
0 46 130 480
END_TRACK
START_TRACK
0 31 270 19
0 32 240 77
0 33 226 137
0 34 215 168
0 35 207 185
0 36 204 195
0 37 206 193
0 38 208 193
0 39 208 192
0 40 209 193
0 41 208 193
0 42 208 192
0 43 208 194
0 44 208 194
0 45 209 194
0 46 210 196
0 47 208 193
0 48 208 193
0 49 208 193
0 50 208 194
0 51 206 193
0 52 206 195
0 53 206 195
0 54 206 197
0 55 206 193
0 56 207 193
0 57 207 193
0 58 207 193
0 59 207 193
0 60 207 193
0 61 207 193
0 62 207 193
0 63 207 193
0 64 207 193
0 65 204 199
0 66 197 230
0 67 189 277
0 68 179 330
0 69 176 392
0 70 178 461
END_TRACK
START_TRACK
0 32 476 437
0 33 414 423
0 34 377 422
0 35 344 425
0 36 312 427
0 37 274 429
0 38 239 440
0 39 214 467
END_TRACK
START_TRACK
0 33 464 234
0 34 432 232
0 35 401 230
0 36 378 229
0 37 361 225
0 38 356 227
0 39 342 229
0 40 325 227
0 41 290 227
0 42 249 225
0 43 205 225
0 44 158 227
0 45 100 230
0 46 51 232
END_TRACK
START_TRACK
0 33 263 49
0 34 242 105
0 35 230 142
0 36 224 157
0 37 223 166
0 38 224 169
0 39 224 169
0 40 224 169
0 41 224 169
0 42 224 169
0 43 224 169
0 44 224 169
0 45 224 169
0 46 226 169
0 47 226 169
0 48 226 169
0 49 226 169
0 50 226 169
0 51 226 169
0 52 225 169
0 53 225 169
0 54 225 169
0 55 225 169
0 56 225 169
0 57 225 169
0 58 225 169
0 59 225 169
0 60 225 169
0 61 225 169
0 62 225 169
0 63 225 169
0 64 225 169
0 65 224 170
0 66 220 186
0 67 210 222
0 68 199 269
0 69 190 319
0 70 187 380
0 71 187 440
END_TRACK
START_TRACK
0 33 252 28
0 34 230 73
0 35 224 106
0 36 217 128
0 37 211 149
0 38 207 156
0 39 206 167
0 40 202 173
0 41 204 171
0 42 202 173
0 43 202 172
0 44 202 172
0 45 204 172
0 46 204 172
0 47 204 172
0 48 204 172
0 49 202 172
0 50 202 172
0 51 201 172
0 52 201 176
0 53 201 176
0 54 202 171
0 55 202 173
0 56 201 171
0 57 200 174
0 58 201 174
0 59 202 173
0 60 203 172
0 61 202 172
0 62 200 174
0 63 201 173
0 64 200 174
0 65 200 175
0 66 197 183
0 67 189 213
0 68 180 256
0 69 171 315
0 70 158 379
0 71 143 444
END_TRACK
START_TRACK
0 34 342 479
0 35 402 458
0 36 466 468
END_TRACK
START_TRACK
0 34 4 256
0 35 45 258
0 36 82 254
0 37 108 252
0 38 122 248
0 39 124 248
0 40 124 248
0 41 124 248
0 42 140 245
0 43 170 246
0 44 202 237
0 45 242 213
0 46 272 158
0 47 293 87
0 48 324 2
END_TRACK
START_TRACK
0 34 18 246
0 35 61 247
0 36 104 249
0 37 134 247
0 38 139 243
0 39 142 245
0 40 148 246
0 41 170 246
0 42 188 245
0 43 209 239
0 44 234 222
0 45 252 188
0 46 264 144
0 47 278 86
0 48 300 26
END_TRACK
START_TRACK
0 34 256 27
0 35 239 74
0 36 227 117
0 37 219 143
0 38 214 161
0 39 213 169
0 40 213 174
0 41 213 174
0 42 213 174
0 43 213 174
0 44 213 174
0 45 213 174
0 46 213 174
0 47 213 174
0 48 213 174
0 49 213 174
0 50 213 174
0 51 213 174
0 52 213 174
0 53 213 174
0 54 213 174
0 55 212 174
0 56 211 175
0 57 211 177
0 58 209 176
0 59 209 177
0 60 209 178
0 61 209 178
0 62 209 177
0 63 209 177
0 64 209 175
0 65 207 173
0 66 203 195
0 67 197 225
0 68 188 263
0 69 183 316
0 70 177 372
0 71 176 431
END_TRACK
START_TRACK
0 35 240 44
0 36 228 85
0 37 221 105
0 38 218 126
0 39 214 132
0 40 214 138
0 41 211 141
0 42 212 140
0 43 210 145
0 44 209 144
0 45 210 144
0 46 212 144
0 47 212 146
0 48 212 145
0 49 210 144
0 50 210 146
0 51 211 145
0 52 210 146
0 53 211 146
0 54 211 143
0 55 211 144
0 56 211 146
0 57 210 144
0 58 211 144
0 59 211 144
0 60 210 142
0 61 210 143
0 62 208 144
0 63 208 144
0 64 208 144
0 65 209 144
0 66 209 144
0 67 204 163
0 68 190 195
0 69 183 242
0 70 173 293
0 71 161 361
0 72 143 434
END_TRACK
START_TRACK
0 35 121 153
0 36 122 156
0 37 122 155
0 38 112 168
0 39 110 183
0 40 107 192
0 41 107 194
0 42 106 193
0 43 105 192
0 44 106 193
0 45 106 193
0 46 107 196
0 47 107 193
0 48 100 199
0 49 94 211
0 50 85 221
0 51 66 228
0 52 31 231
END_TRACK
START_TRACK
0 35 267 7
0 36 249 56
0 37 236 91
0 38 229 122
0 39 219 135
0 40 219 140
0 41 219 155
0 42 213 153
0 43 215 153
0 44 216 153
0 45 217 157
0 46 217 159
0 47 218 159
0 48 218 157
0 49 217 157
0 50 217 157
0 51 217 156
0 52 217 156
0 53 217 156
0 54 217 156
0 55 217 157
0 56 217 157
0 57 215 160
0 58 213 159
0 59 215 161
0 60 215 161
0 61 215 161
0 62 215 161
0 63 215 161
0 64 216 161
0 65 215 161
0 66 213 166
0 67 205 193
0 68 195 234
0 69 185 280
0 70 177 336
0 71 173 393
0 72 173 457
END_TRACK
START_TRACK
0 36 256 20
0 37 239 61
0 38 228 91
0 39 224 106
0 40 225 109
0 41 220 114
0 42 218 118
0 43 217 122
0 44 218 122
0 45 218 122
0 46 218 122
0 47 218 122
0 48 218 122
0 49 218 122
0 50 218 122
0 51 218 122
0 52 218 122
0 53 218 122
0 54 218 122
0 55 218 122
0 56 218 122
0 57 218 122
0 58 218 122
0 59 218 122
0 60 218 122
0 61 218 122
0 62 217 122
0 63 217 122
0 64 217 122
0 65 217 122
0 66 217 123
0 67 214 135
0 68 203 155
0 69 193 195
0 70 180 243
0 71 169 306
0 72 160 371
0 73 141 449
END_TRACK
START_TRACK
0 37 6 263
0 38 29 264
0 39 66 263
0 40 82 267
0 41 106 267
0 42 123 267
0 43 163 280
0 44 168 321
0 45 162 372
0 46 144 437
END_TRACK
START_TRACK
0 37 272 2
0 38 260 34
0 39 250 60
0 40 243 85
0 41 235 98
0 42 231 110
0 43 230 118
0 44 230 117
0 45 230 117
0 46 230 117
0 47 231 117
0 48 230 117
0 49 228 115
0 50 227 115
0 51 227 117
0 52 228 117
0 53 228 117
0 54 227 113
0 55 226 117
0 56 226 119
0 57 226 119
0 58 226 119
0 59 226 119
0 60 226 119
0 61 226 119
0 62 226 119
0 63 227 115
0 64 226 117
0 65 226 117
0 66 226 117
0 67 222 136
0 68 215 155
0 69 205 185
0 70 195 221
0 71 184 265
0 72 177 318
0 73 172 378
0 74 171 438
0 75 178 489
END_TRACK
START_TRACK
0 38 357 468
0 39 416 462
0 40 477 478
END_TRACK
START_TRACK
0 38 249 27
0 39 239 58
0 40 232 78
0 41 229 90
0 42 227 92
0 43 225 96
0 44 225 96
0 45 225 97
0 46 226 101
0 47 226 102
0 48 226 102
0 49 224 102
0 50 224 102
0 51 224 102
0 52 224 102
0 53 224 102
0 54 224 102
0 55 226 103
0 56 224 103
0 57 224 103
0 58 224 103
0 59 224 103
0 60 224 103
0 61 224 103
0 62 224 103
0 63 223 103
0 64 223 103
0 65 223 103
0 66 222 104
0 67 221 109
0 68 216 127
0 69 203 154
0 70 191 197
0 71 177 250
0 72 162 318
0 73 157 394
0 74 134 468
END_TRACK
START_TRACK
0 39 38 265
0 40 42 265
0 41 59 265
0 42 86 265
0 43 119 266
0 44 149 272
0 45 169 292
0 46 180 315
0 47 186 344
0 48 186 380
0 49 187 430
0 50 190 486
END_TRACK
START_TRACK
0 39 270 44
0 40 261 70
0 41 245 105
0 42 235 131
0 43 235 144
0 44 234 144
0 45 234 144
0 46 234 144
0 47 234 144
0 48 234 144
0 49 234 145
0 50 234 145
0 51 234 145
0 52 234 145
0 53 234 145
0 54 234 144
0 55 234 144
0 56 234 144
0 57 232 146
0 58 232 145
0 59 232 146
0 60 232 145
0 61 232 146
0 62 231 146
0 63 231 146
0 64 231 146
0 65 230 148
0 66 230 157
0 67 222 175
0 68 214 201
0 69 208 227
0 70 200 267
0 71 190 314
0 72 187 361
END_TRACK
START_TRACK
0 39 279 11
0 40 279 11
0 41 261 55
0 42 251 89
0 43 246 107
0 44 243 119
0 45 242 122
0 46 242 122
0 47 242 122
0 48 242 122
0 49 242 122
0 50 242 122
0 51 242 122
0 52 242 122
0 53 242 122
0 54 242 122
0 55 242 122
0 56 242 122
0 57 242 122
0 58 243 122
0 59 243 122
0 60 244 122
0 61 244 122
0 62 243 122
0 63 241 124
0 64 240 129
0 65 240 129
0 66 240 131
0 67 235 141
0 68 228 161
0 69 218 193
0 70 211 226
0 71 198 261
0 72 190 311
0 73 185 409
0 74 192 476
END_TRACK
START_TRACK
0 39 250 25
0 40 242 48
0 41 236 59
0 42 235 67
0 43 234 67
0 44 232 73
0 45 235 73
0 46 235 73
0 47 235 73
0 48 234 73
0 49 233 77
0 50 232 77
0 51 232 77
0 52 232 77
0 53 232 79
0 54 232 77
0 55 232 79
0 56 232 79
0 57 232 79
0 58 231 77
0 59 232 77
0 60 232 77
0 61 232 77
0 62 232 76
0 63 230 76
0 64 230 76
0 65 230 76
0 66 230 79
0 67 226 84
0 68 222 97
0 69 214 124
0 70 204 156
0 71 187 205
0 72 177 255
0 73 165 317
0 74 154 384
0 75 129 463
END_TRACK
START_TRACK
0 40 335 486
0 41 385 464
0 42 455 470
END_TRACK
START_TRACK
0 40 21 261
0 41 26 262
0 42 46 263
0 43 80 264
0 44 95 264
0 45 144 269
0 46 166 286
0 47 168 320
0 48 164 373
0 49 150 433
END_TRACK
START_TRACK
0 40 255 13
0 41 249 36
0 42 244 43
0 43 244 51
0 44 243 50
0 45 244 49
0 46 244 49
0 47 244 49
0 48 243 51
0 49 238 59
0 50 240 58
0 51 239 57
0 52 239 57
0 53 239 59
0 54 238 59
0 55 239 57
0 56 238 59
0 57 238 60
0 58 239 58
0 59 239 58
0 60 239 57
0 61 239 57
0 62 239 57
0 63 239 56
0 64 239 57
0 65 239 57
0 66 238 57
0 67 237 58
0 68 234 68
0 69 226 94
0 70 214 127
0 71 201 172
0 72 187 216
0 73 175 275
0 74 166 336
0 75 157 407
0 76 132 477
END_TRACK
START_TRACK
0 41 2 242
0 42 41 246
0 43 89 248
0 44 147 247
0 45 192 241
0 46 232 217
0 47 263 168
0 48 282 104
0 49 308 28
END_TRACK
START_TRACK
0 42 257 3
0 43 251 26
0 44 252 31
0 45 250 28
0 46 250 28
0 47 250 27
0 48 250 26
0 49 250 25
0 50 248 25
0 51 245 32
0 52 245 33
0 53 246 35
0 54 246 33
0 55 246 33
0 56 246 33
0 57 246 33
0 58 246 34
0 59 246 34
0 60 246 33
0 61 246 33
0 62 246 33
0 63 246 33
0 64 246 33
0 65 246 33
0 66 246 33
0 67 246 35
0 68 243 39
0 69 236 58
0 70 227 83
0 71 216 121
0 72 202 165
0 73 188 219
0 74 174 273
0 75 168 337
0 76 155 405
0 77 135 466
END_TRACK
START_TRACK
0 43 352 478
0 44 406 461
0 45 462 473
END_TRACK
START_TRACK
0 43 238 479
0 44 239 455
0 45 238 427
0 46 238 395
0 47 242 365
0 48 243 342
0 49 242 324
0 50 243 308
0 51 245 301
0 52 243 303
0 53 245 303
0 54 249 269
0 55 256 220
0 56 269 162
0 57 290 89
0 58 317 15
END_TRACK
START_TRACK
0 44 2 268
0 45 64 267
0 46 130 269
0 47 164 278
0 48 179 311
0 49 186 360
0 50 185 423
END_TRACK
START_TRACK
0 44 250 470
0 45 251 448
0 46 249 412
0 47 249 378
0 48 250 344
0 49 252 323
0 50 253 314
0 51 254 308
0 52 254 307
0 53 253 308
0 54 258 280
0 55 265 233
0 56 276 176
0 57 295 102
0 58 323 31
END_TRACK
START_TRACK
0 44 225 484
0 45 225 457
0 46 225 422
0 47 224 390
0 48 228 356
0 49 230 335
0 50 230 317
0 51 230 311
0 52 231 314
0 53 232 298
0 54 233 263
0 55 238 244
0 56 249 197
0 57 261 143
0 58 279 85
0 59 300 19
END_TRACK
START_TRACK
0 44 238 488
0 45 237 470
0 46 238 432
0 47 238 405
0 48 238 379
0 49 236 366
0 50 238 353
0 51 239 341
0 52 239 339
0 53 239 336
0 54 242 313
0 55 246 273
0 56 254 226
0 57 270 164
0 58 287 91
0 59 313 21
END_TRACK
START_TRACK
0 44 243 24
0 45 228 55
0 46 215 92
0 47 197 112
0 48 175 117
0 49 157 117
0 50 143 115
0 51 114 114
0 52 95 113
0 53 89 111
0 54 91 111
0 55 91 111
0 56 91 111
0 57 91 114
0 58 91 113
0 59 91 112
0 60 91 112
0 61 91 112
0 62 91 112
0 63 92 112
0 64 92 112
0 65 92 112
0 66 92 112
0 67 92 112
0 68 92 112
0 69 92 112
0 70 92 112
0 71 92 112
0 72 92 112
0 73 92 112
0 74 92 112
0 75 93 111
0 76 93 111
0 77 93 111
0 78 93 111
0 79 93 111
0 80 93 111
0 81 93 111
0 82 93 111
0 83 93 111
0 84 93 111
0 85 93 111
0 86 93 111
0 87 93 111
0 88 95 112
0 89 95 112
0 90 95 112
0 91 95 112
0 92 95 112
0 93 95 112
0 94 95 112
0 95 95 112
0 96 95 112
0 97 95 112
0 98 95 112
0 99 95 112
END_TRACK
START_TRACK
0 45 250 5
0 46 232 43
0 47 220 82
0 48 206 124
0 49 191 167
0 50 184 196
0 51 179 203
0 52 179 211
0 53 161 226
0 54 132 230
0 55 80 226
0 56 18 225
END_TRACK
START_TRACK
0 45 249 481
0 46 251 453
0 47 251 412
0 48 249 380
0 49 250 355
0 50 250 338
0 51 249 330
0 52 251 328
0 53 250 329
0 54 254 320
0 55 259 289
0 56 266 243
0 57 273 192
0 58 287 131
0 59 305 72
END_TRACK
START_TRACK
0 45 275 20
0 46 262 56
0 47 257 73
0 48 251 88
0 49 249 88
0 50 248 87
0 51 248 91
0 52 252 91
0 53 252 87
0 54 252 86
0 55 252 86
0 56 252 86
0 57 252 84
0 58 251 86
0 59 250 87
0 60 250 87
0 61 250 88
0 62 250 88
0 63 250 88
0 64 250 88
0 65 250 88
0 66 250 88
0 67 246 100
0 68 238 121
0 69 230 155
0 70 220 187
0 71 209 226
0 72 198 268
0 73 188 319
0 74 187 370
0 75 186 431
END_TRACK
START_TRACK
0 46 252 485
0 47 253 452
0 48 251 412
0 49 251 390
0 50 251 364
0 51 251 357
0 52 250 346
0 53 252 351
0 54 254 351
0 55 253 330
0 56 257 290
0 57 265 240
0 58 275 180
0 59 291 116
0 60 314 46
END_TRACK
START_TRACK
0 46 229 469
0 47 227 439
0 48 227 404
0 49 227 381
0 50 229 363
0 51 228 343
0 52 230 339
0 53 228 333
0 54 233 315
0 55 235 280
0 56 242 242
0 57 251 186
0 58 266 130
0 59 282 75
0 60 307 9
END_TRACK
START_TRACK
0 46 237 483
0 47 236 454
0 48 239 425
0 49 235 400
0 50 234 380
0 51 235 373
0 52 236 368
0 53 236 364
0 54 239 351
0 55 240 326
0 56 246 289
0 57 253 242
0 58 262 182
0 59 278 117
0 60 306 44
END_TRACK
START_TRACK
0 46 281 2
0 47 268 31
0 48 261 57
0 49 261 62
0 50 259 63
0 51 259 65
0 52 259 65
0 53 259 65
0 54 259 68
0 55 259 68
0 56 259 68
0 57 259 67
0 58 256 67
0 59 256 67
0 60 256 66
0 61 256 66
0 62 256 67
0 63 256 67
0 64 256 67
0 65 256 67
0 66 257 67
0 67 254 79
0 68 247 100
0 69 235 121
0 70 227 161
0 71 214 198
0 72 205 239
0 73 194 284
0 74 187 338
0 75 185 389
0 76 188 451
END_TRACK
START_TRACK
0 46 437 240
0 47 397 239
0 48 361 239
0 49 319 236
0 50 298 235
0 51 296 233
0 52 296 235
0 53 296 235
0 54 298 236
0 55 298 236
0 56 298 236
0 57 298 237
0 58 298 237
0 59 298 238
0 60 298 239
0 61 298 239
0 62 299 239
0 63 299 238
0 64 299 238
0 65 299 238
0 66 300 238
0 67 300 238
0 68 300 238
0 69 300 238
0 70 300 238
0 71 300 237
0 72 300 237
0 73 300 237
0 74 300 237
0 75 300 236
0 76 298 237
0 77 298 237
0 78 298 236
0 79 298 234
0 80 298 237
0 81 298 237
0 82 298 236
0 83 298 235
0 84 298 235
0 85 298 235
0 86 298 235
0 87 298 237
0 88 298 237
0 89 298 235
0 90 298 237
0 91 297 237
0 92 297 238
0 93 297 238
0 94 296 237
0 95 296 237
0 96 296 238
0 97 281 237
0 98 252 242
0 99 224 256
0 100 201 282
END_TRACK
START_TRACK
0 47 355 477
0 48 410 461
0 49 468 471
END_TRACK
START_TRACK
0 47 334 488
0 48 373 467
0 49 430 464
0 50 480 480
END_TRACK
START_TRACK
0 47 14 253
0 48 77 255
0 49 146 253
0 50 220 253
0 51 291 247
0 52 355 249
0 53 415 247
0 54 477 249
END_TRACK
START_TRACK
0 47 227 485
0 48 227 466
0 49 225 434
0 50 224 410
0 51 223 389
0 52 225 378
0 53 226 369
0 54 228 355
0 55 229 334
0 56 234 297
0 57 237 258
0 58 247 204
0 59 257 150
0 60 274 100
0 61 295 41
END_TRACK
START_TRACK
0 48 334 484
0 49 383 466
0 50 438 465
END_TRACK
START_TRACK
0 48 249 466
0 49 247 427
0 50 248 400
0 51 246 380
0 52 247 377
0 53 247 377
0 54 249 374
0 55 250 366
0 56 252 339
0 57 257 300
0 58 263 252
0 59 272 192
0 60 289 123
0 61 313 50
END_TRACK
START_TRACK
0 48 241 484
0 49 237 456
0 50 237 431
0 51 237 413
0 52 236 403
0 53 236 399
0 54 236 392
0 55 236 378
0 56 241 363
0 57 242 328
0 58 244 281
0 59 253 236
0 60 263 182
0 61 279 119
0 62 299 54
0 63 321 1
END_TRACK
START_TRACK
0 48 260 1
0 49 260 1
0 50 260 1
0 51 260 1
0 52 260 1
0 53 260 2
0 54 259 2
0 55 260 2
0 56 260 2
0 57 260 2
0 58 258 3
0 59 256 12
0 60 257 14
0 61 255 15
0 62 252 17
0 63 254 17
0 64 255 12
0 65 256 18
0 66 257 15
0 67 257 15
0 68 253 21
0 69 256 24
0 70 245 40
0 71 232 72
0 72 218 113
0 73 222 123
0 74 210 175
0 75 195 232
0 76 185 289
0 77 172 342
0 78 150 409
0 79 138 468
END_TRACK
START_TRACK
0 49 39 267
0 50 97 268
0 51 142 271
0 52 165 293
0 53 168 335
0 54 163 388
0 55 143 442
END_TRACK
START_TRACK
0 49 225 469
0 50 226 439
0 51 224 416
0 52 225 405
0 53 225 399
0 54 224 388
0 55 226 372
0 56 225 345
0 57 231 306
0 58 232 260
0 59 247 207
0 60 259 150
0 61 277 91
0 62 301 28
END_TRACK
START_TRACK
0 49 252 487
0 50 252 457
0 51 250 424
0 52 248 407
0 53 248 403
0 54 248 399
0 55 248 391
0 56 249 368
0 57 253 343
0 58 254 306
0 59 260 261
0 60 271 206
0 61 285 144
0 62 304 76
0 63 331 5
END_TRACK
START_TRACK
0 49 262 24
0 50 255 44
0 51 250 58
0 52 246 69
0 53 246 69
0 54 246 69
0 55 246 70
0 56 245 70
0 57 245 70
0 58 245 70
0 59 245 70
0 60 246 71
0 61 247 72
0 62 245 74
0 63 244 74
0 64 244 74
0 65 244 74
0 66 244 74
0 67 244 76
0 68 239 90
0 69 229 115
0 70 217 157
0 71 209 188
0 72 193 236
0 73 183 293
0 74 176 347
0 75 178 405
0 76 176 475
END_TRACK
START_TRACK
0 50 216 463
0 51 207 425
0 52 206 406
0 53 205 394
0 54 206 391
0 55 205 388
0 56 206 365
0 57 208 333
0 58 209 300
0 59 200 270
0 60 174 247
0 61 131 238
0 62 76 237
0 63 8 234
END_TRACK
START_TRACK
0 50 241 477
0 51 237 457
0 52 235 441
0 53 235 428
0 54 235 418
0 55 235 411
0 56 236 397
0 57 239 369
0 58 240 337
0 59 244 288
0 60 252 234
0 61 265 179
0 62 278 120
0 63 300 55
END_TRACK
START_TRACK
0 51 251 467
0 52 248 446
0 53 248 430
0 54 248 420
0 55 248 412
0 56 248 396
0 57 250 373
0 58 253 339
0 59 255 303
0 60 259 250
0 61 273 192
0 62 292 124
0 63 311 57
END_TRACK
START_TRACK
0 51 247 483
0 52 243 466
0 53 242 456
0 54 242 442
0 55 239 431
0 56 241 416
0 57 236 400
0 58 239 369
0 59 241 329
0 60 248 278
0 61 256 222
0 62 268 160
0 63 287 97
0 64 309 33
END_TRACK
START_TRACK
0 51 270 9
0 52 263 23
0 53 260 41
0 54 256 41
0 55 256 41
0 56 256 41
0 57 256 41
0 58 256 41
0 59 257 43
0 60 257 43
0 61 257 43
0 62 256 44
0 63 256 44
0 64 256 44
0 65 256 44
0 66 256 44
0 67 256 45
0 68 253 51
0 69 248 66
0 70 237 90
0 71 227 128
0 72 215 171
0 73 200 221
0 74 188 274
0 75 182 330
0 76 180 401
0 77 180 463
END_TRACK
START_TRACK
0 52 39 263
0 53 94 270
0 54 133 269
0 55 139 267
0 56 151 271
0 57 168 298
0 58 172 330
0 59 162 381
0 60 149 435
END_TRACK
START_TRACK
0 52 229 474
0 53 222 447
0 54 224 427
0 55 224 413
0 56 224 394
0 57 230 360
0 58 230 321
0 59 230 265
0 60 244 226
0 61 255 171
0 62 273 110
0 63 295 48
END_TRACK
START_TRACK
0 52 280 2
0 53 270 32
0 54 265 40
0 55 267 40
0 56 265 44
0 57 265 45
0 58 265 46
0 59 265 46
0 60 267 46
0 61 265 46
0 62 266 46
0 63 265 46
0 64 265 44
0 65 265 44
0 66 265 44
0 67 262 47
0 68 256 67
0 69 252 84
0 70 238 123
0 71 226 164
0 72 213 208
0 73 202 249
0 74 193 298
0 75 189 350
0 76 188 420
0 77 193 483
END_TRACK
START_TRACK
0 53 236 486
0 54 236 480
0 55 234 471
0 56 233 453
0 57 234 436
0 58 232 416
0 59 232 381
0 60 241 334
0 61 242 285
0 62 253 226
0 63 268 160
0 64 285 87
0 65 313 23
END_TRACK
START_TRACK
0 53 249 482
0 54 251 461
0 55 248 451
0 56 247 437
0 57 249 415
0 58 246 390
0 59 249 361
0 60 252 330
0 61 254 284
0 62 265 236
0 63 274 184
0 64 290 124
0 65 307 64
0 66 331 7
END_TRACK
START_TRACK
0 53 458 432
0 54 397 425
0 55 347 427
0 56 315 424
0 57 295 429
0 58 285 430
0 59 282 432
0 60 282 432
0 61 282 432
0 62 282 430
0 63 282 429
0 64 282 429
0 65 282 429
0 66 282 429
0 67 282 429
0 68 282 429
0 69 282 429
0 70 282 429
0 71 282 429
0 72 281 429
0 73 280 430
0 74 279 430
0 75 279 430
0 76 279 430
0 77 279 430
0 78 279 431
0 79 278 432
0 80 278 432
0 81 278 432
0 82 278 431
0 83 278 431
0 84 278 431
0 85 278 432
0 86 277 433
0 87 277 433
0 88 277 433
0 89 277 433
0 90 277 433
0 91 277 433
0 92 277 433
0 93 276 433
0 94 276 433
0 95 269 433
0 96 249 439
0 97 215 460
END_TRACK
START_TRACK
0 54 225 473
0 55 225 455
0 56 225 436
0 57 224 410
0 58 226 374
0 59 228 336
0 60 232 293
0 61 238 246
0 62 249 190
0 63 264 132
0 64 282 69
0 65 306 6
END_TRACK
START_TRACK
0 54 458 234
0 55 417 231
0 56 393 229
0 57 380 229
0 58 378 228
0 59 372 230
0 60 357 228
0 61 342 229
0 62 342 228
0 63 325 226
0 64 316 225
0 65 301 223
0 66 297 223
0 67 291 221
0 68 291 221
0 69 291 221
0 70 291 221
0 71 291 221
0 72 291 221
0 73 291 221
0 74 282 219
0 75 283 213
0 76 282 213
0 77 280 214
0 78 280 214
0 79 280 214
0 80 280 214
0 81 280 214
0 82 280 214
0 83 280 214
0 84 280 214
0 85 278 214
0 86 278 214
0 87 271 206
0 88 267 170
0 89 281 115
0 90 301 55
END_TRACK
START_TRACK
0 55 249 487
0 56 246 470
0 57 249 460
0 58 247 438
0 59 246 408
0 60 247 374
0 61 250 338
0 62 256 285
0 63 267 236
0 64 277 183
0 65 288 120
0 66 310 61
END_TRACK
START_TRACK
0 56 380 465
0 57 448 463
END_TRACK
START_TRACK
0 56 234 482
0 57 235 470
0 58 235 456
0 59 231 430
0 60 234 395
0 61 234 350
0 62 243 298
0 63 252 242
0 64 264 174
0 65 279 104
0 66 306 35
END_TRACK
START_TRACK
0 57 376 467
0 58 446 463
END_TRACK
START_TRACK
0 57 147 276
0 58 166 299
0 59 162 344
0 60 156 397
0 61 139 456
END_TRACK
START_TRACK
0 57 223 472
0 58 222 438
0 59 220 396
0 60 226 350
0 61 225 300
0 62 236 250
0 63 247 192
0 64 261 135
0 65 280 73
0 66 303 4
END_TRACK
START_TRACK
0 57 248 487
0 58 246 483
0 59 245 464
0 60 244 427
0 61 246 382
0 62 249 342
0 63 253 292
0 64 262 237
0 65 274 181
0 66 291 117
0 67 314 45
END_TRACK
START_TRACK
0 58 340 486
0 59 394 468
0 60 459 468
END_TRACK
START_TRACK
0 58 106 144
0 59 107 154
0 60 105 177
0 61 99 193
0 62 93 208
0 63 86 219
0 64 64 228
0 65 18 228
END_TRACK
START_TRACK
0 58 30 265
0 59 84 268
0 60 122 265
0 61 137 271
0 62 152 281
0 63 163 304
0 64 166 350
0 65 156 390
0 66 142 455
END_TRACK
START_TRACK
0 59 342 487
0 60 406 460
0 61 466 470
END_TRACK
START_TRACK
0 59 223 466
0 60 223 418
0 61 222 363
0 62 231 303
0 63 238 246
0 64 247 193
0 65 262 129
0 66 287 63
0 67 309 5
END_TRACK
START_TRACK
0 59 250 1
0 60 238 27
0 61 224 70
0 62 209 105
0 63 198 143
0 64 189 173
0 65 183 201
0 66 167 227
0 67 137 238
0 68 96 241
0 69 51 236
END_TRACK
START_TRACK
0 59 281 5
0 60 279 14
0 61 276 23
0 62 275 22
0 63 273 19
0 64 275 21
0 65 274 20
0 66 275 20
0 67 273 20
0 68 272 17
0 69 268 34
0 70 261 56
0 71 251 95
0 72 238 135
0 73 220 185
0 74 205 237
0 75 197 291
0 76 188 349
0 77 188 405
0 78 188 461
END_TRACK
START_TRACK
0 60 223 484
0 61 220 436
0 62 228 379
0 63 228 319
0 64 236 263
0 65 248 200
0 66 263 133
0 67 282 69
0 68 305 8
END_TRACK
START_TRACK
0 60 236 465
0 61 234 429
0 62 236 384
0 63 238 334
0 64 245 276
0 65 257 213
0 66 272 146
0 67 292 80
0 68 315 16
END_TRACK
START_TRACK
0 60 251 470
0 61 249 441
0 62 249 396
0 63 247 362
0 64 253 314
0 65 260 262
0 66 269 203
0 67 282 142
0 68 306 78
0 69 324 19
END_TRACK
START_TRACK
0 60 270 5
0 61 262 21
0 62 265 24
0 63 261 25
0 64 262 25
0 65 262 25
0 66 261 25
0 67 262 29
0 68 262 30
0 69 257 44
0 70 247 68
0 71 236 102
0 72 224 133
0 73 208 180
0 74 195 237
0 75 185 290
0 76 177 354
0 77 176 412
0 78 177 476
END_TRACK
START_TRACK
0 60 464 432
0 61 404 425
0 62 356 424
0 63 322 426
0 64 310 427
0 65 307 428
0 66 305 428
0 67 304 428
0 68 304 428
0 69 304 428
0 70 304 428
0 71 304 428
0 72 304 428
0 73 304 428
0 74 304 428
0 75 304 428
0 76 303 428
0 77 299 428
0 78 299 428
0 79 298 428
0 80 298 430
0 81 298 430
0 82 298 429
0 83 298 429
0 84 298 429
0 85 298 429
0 86 298 429
0 87 298 429
0 88 298 429
0 89 298 429
0 90 298 428
0 91 298 428
0 92 298 428
0 93 298 428
0 94 298 428
0 95 298 428
0 96 299 430
0 97 285 428
0 98 257 434
0 99 226 449
0 100 200 482
END_TRACK
START_TRACK
0 61 232 467
0 62 236 426
0 63 236 374
0 64 241 319
0 65 252 251
0 66 262 184
0 67 280 116
0 68 302 47
END_TRACK
START_TRACK
0 61 250 488
0 62 249 459
0 63 247 410
0 64 248 367
0 65 251 319
0 66 255 270
0 67 266 220
0 68 282 156
0 69 299 84
0 70 326 15
END_TRACK
START_TRACK
0 61 456 430
0 62 400 423
0 63 354 424
0 64 336 426
0 65 329 426
0 66 329 426
0 67 328 426
0 68 328 426
0 69 328 426
0 70 327 426
0 71 327 426
0 72 327 426
0 73 327 426
0 74 327 426
0 75 327 426
0 76 326 426
0 77 321 426
0 78 319 428
0 79 317 427
0 80 317 427
0 81 317 427
0 82 318 427
0 83 318 426
0 84 318 426
0 85 319 426
0 86 319 426
0 87 319 426
0 88 319 426
0 89 319 426
0 90 318 426
0 91 318 426
0 92 318 426
0 93 318 426
0 94 318 427
0 95 318 428
0 96 317 426
0 97 309 426
0 98 281 429
0 99 247 439
0 100 213 462
END_TRACK
START_TRACK
0 62 340 473
0 63 394 456
0 64 452 461
END_TRACK
START_TRACK
0 62 243 488
0 63 237 446
0 64 240 399
0 65 242 352
0 66 249 293
0 67 256 234
0 68 268 165
0 69 283 94
0 70 299 24
END_TRACK
START_TRACK
0 62 283 2
0 64 282 1
0 65 282 1
0 66 282 1
0 67 283 2
0 68 281 2
0 69 278 9
0 70 275 24
0 71 265 55
0 72 246 103
0 73 229 146
0 74 215 199
0 75 203 250
0 76 194 304
0 77 191 357
0 78 185 424
0 79 190 484
END_TRACK
START_TRACK
0 62 218 451
0 63 206 396
0 64 209 353
0 65 208 322
0 66 209 310
0 67 209 303
0 68 206 308
0 69 206 305
0 70 208 305
0 71 207 305
0 72 208 305
0 73 208 306
0 74 208 307
0 75 208 307
0 76 209 307
0 77 209 307
0 78 209 306
0 79 209 306
0 80 210 306
0 81 210 304
0 82 210 304
0 83 210 304
0 84 210 304
0 85 210 304
0 86 210 304
0 87 210 304
0 88 210 304
0 89 210 304
0 90 210 303
0 91 210 303
0 92 210 303
0 93 210 303
0 94 210 303
0 95 210 303
0 96 210 303
0 97 210 303
0 98 210 303
0 99 209 302
0 100 209 304
END_TRACK
START_TRACK
0 63 228 474
0 64 213 422
0 65 209 372
0 66 211 338
0 67 211 328
0 68 211 326
0 69 211 326
0 70 211 324
0 71 211 324
0 72 211 324
0 73 210 322
0 74 210 322
0 75 210 322
0 76 210 322
0 77 210 322
0 78 210 322
0 79 210 322
0 80 210 322
0 81 210 322
0 82 210 322
0 83 210 324
0 84 210 324
0 85 210 324
0 86 210 324
0 87 210 324
0 88 210 324
0 89 210 324
0 90 210 324
0 91 210 324
0 92 210 324
0 93 211 324
0 94 211 324
0 95 211 324
0 96 211 324
0 97 211 324
0 98 211 324
0 99 211 324
END_TRACK
START_TRACK
0 64 250 450
0 65 248 394
0 66 253 336
0 67 258 288
0 68 263 233
0 69 278 170
0 70 291 111
0 71 314 45
END_TRACK
START_TRACK
0 64 238 466
0 65 238 417
0 66 239 369
0 67 241 321
0 68 251 266
0 69 261 200
0 70 273 138
0 71 291 76
0 72 318 10
END_TRACK
START_TRACK
0 65 338 483
0 66 400 458
0 67 462 465
END_TRACK
START_TRACK
0 65 235 464
0 66 236 419
0 67 237 368
0 68 239 318
0 69 249 261
0 70 257 195
0 71 277 120
0 72 304 53
END_TRACK
START_TRACK
0 66 248 451
0 67 246 390
0 68 252 330
0 69 257 270
0 70 270 190
0 71 294 108
0 72 324 18
END_TRACK
START_TRACK
0 66 214 424
0 67 208 369
0 68 210 345
0 69 210 341
0 70 210 340
0 71 210 340
0 72 210 340
0 73 210 341
0 74 210 341
0 75 210 341
0 76 211 341
0 77 211 341
0 78 211 340
0 79 210 340
0 80 210 340
0 81 210 340
0 82 208 341
0 83 208 340
0 84 208 340
0 85 210 340
0 86 210 340
0 87 210 340
0 88 210 340
0 89 210 340
0 90 210 340
0 91 210 340
0 92 210 340
0 93 210 340
0 94 210 340
0 95 210 340
0 96 210 340
0 97 210 340
0 98 210 340
0 99 210 340
0 100 210 339
END_TRACK
START_TRACK
0 67 330 489
0 68 387 465
0 69 452 469
END_TRACK
START_TRACK
0 67 250 483
0 68 249 421
0 69 251 341
0 70 260 266
0 71 274 190
0 72 296 109
0 73 322 25
END_TRACK
START_TRACK
0 67 234 488
0 68 232 452
0 69 228 398
0 70 226 335
0 71 232 269
0 72 242 202
0 73 262 131
0 74 289 59
0 75 311 6
END_TRACK
START_TRACK
0 67 4 266
0 68 38 262
0 69 86 267
0 70 112 266
0 71 139 267
0 72 147 267
0 73 145 268
0 74 146 267
0 75 143 267
0 76 145 268
0 77 145 268
0 78 144 266
0 79 145 268
0 80 151 268
0 81 143 271
0 82 143 270
0 83 143 272
0 84 144 274
0 85 143 273
0 86 143 273
0 87 144 272
0 88 144 272
0 89 158 276
0 90 167 289
0 91 166 327
0 92 163 371
0 93 145 436
0 94 122 479
END_TRACK
START_TRACK
0 68 270 1
0 69 267 7
0 70 261 20
0 71 255 46
0 72 239 87
0 73 223 123
0 74 211 176
0 75 195 232
0 76 185 288
0 77 172 345
0 78 154 414
0 79 137 471
END_TRACK
START_TRACK
0 69 235 460
0 70 235 413
0 71 235 355
0 72 243 289
0 73 257 218
0 74 275 140
0 75 301 58
END_TRACK
START_TRACK
0 70 325 487
0 71 378 463
0 72 444 457
END_TRACK
START_TRACK
0 70 237 467
0 71 233 416
0 72 235 371
0 73 238 314
0 74 249 252
0 75 262 182
0 76 282 113
0 77 307 33
END_TRACK
START_TRACK
0 70 421 413
0 71 357 413
0 72 310 417
0 73 281 414
0 74 265 411
0 75 252 395
0 76 247 367
0 77 253 316
0 78 256 265
0 79 266 205
0 80 284 140
0 81 307 58
END_TRACK
START_TRACK
0 71 232 462
0 72 234 413
0 73 237 362
0 74 247 297
0 75 263 222
0 76 281 140
0 77 312 54
END_TRACK
START_TRACK
0 71 279 12
0 72 265 46
0 73 246 95
0 74 234 149
0 75 213 204
0 76 202 259
0 77 192 317
0 78 185 373
0 79 183 433
0 80 191 487
END_TRACK
START_TRACK
0 71 465 428
0 72 410 421
0 73 372 424
0 74 352 424
0 75 350 424
0 76 351 423
0 77 349 424
0 78 347 424
0 79 349 425
0 80 349 424
0 81 348 424
0 82 348 424
0 83 348 424
0 84 349 424
0 85 349 424
0 86 349 424
0 87 349 425
0 88 345 424
0 89 343 424
0 90 343 425
0 91 343 425
0 92 343 424
0 93 343 424
0 94 344 424
0 95 344 424
0 96 344 424
0 97 343 424
0 98 326 424
0 99 291 430
0 100 258 440
END_TRACK
START_TRACK
0 72 261 2
0 73 244 35
0 74 228 73
0 75 213 96
0 76 193 116
0 77 176 122
0 78 168 130
0 79 154 139
0 80 146 143
0 81 147 142
END_TRACK
START_TRACK
0 72 220 485
0 73 208 431
0 74 205 383
0 75 206 363
0 76 205 363
0 77 205 363
0 78 205 363
0 79 205 364
0 80 205 363
0 81 205 363
0 82 205 364
0 83 205 364
0 84 205 363
0 85 205 363
0 86 205 365
0 87 205 365
0 88 205 365
0 89 205 366
0 90 205 366
0 91 205 366
0 92 205 366
0 93 205 366
0 94 205 366
0 95 205 366
0 96 205 366
0 97 205 366
0 98 205 366
0 99 204 366
0 100 204 366
END_TRACK
START_TRACK
0 74 234 432
0 75 237 351
0 76 242 274
0 77 258 195
0 78 278 111
0 79 310 35
END_TRACK
START_TRACK
0 75 443 414
0 76 380 411
0 77 321 412
0 78 280 413
0 79 258 410
0 80 262 407
0 81 263 407
0 82 253 402
0 83 249 371
0 84 248 326
0 85 259 266
0 86 270 196
0 87 289 121
0 88 312 39
END_TRACK
START_TRACK
0 76 363 472
0 77 431 458
END_TRACK
START_TRACK
0 76 256 47
0 77 229 123
0 78 205 209
0 79 182 294
0 80 172 382
0 81 180 462
END_TRACK
START_TRACK
0 76 258 4
0 77 231 84
0 78 203 167
0 79 183 249
0 80 172 331
0 81 155 405
0 82 130 471
END_TRACK
START_TRACK
0 77 259 55
0 78 230 152
0 79 206 242
0 80 189 340
0 81 187 434
END_TRACK
START_TRACK
0 77 251 33
0 78 220 114
0 79 193 199
0 80 178 287
0 81 165 365
0 82 145 446
END_TRACK
START_TRACK
0 77 249 457
0 78 247 382
0 79 256 312
0 80 264 239
0 81 276 165
0 82 297 90
0 83 325 9
END_TRACK
START_TRACK
0 77 271 9
0 78 240 84
0 79 217 166
0 80 193 245
0 81 179 329
0 82 174 409
0 83 181 485
END_TRACK
START_TRACK
0 77 36 253
0 78 81 257
0 79 97 257
0 80 101 259
0 81 102 259
0 82 102 259
0 83 102 259
0 84 102 259
0 85 102 259
0 86 103 259
0 87 103 259
0 88 103 259
0 89 102 259
0 90 102 259
0 91 102 259
0 92 104 258
0 93 103 257
0 94 101 256
0 95 102 257
0 96 102 259
0 97 102 257
0 98 101 257
0 99 101 257
0 100 98 258
END_TRACK
START_TRACK
0 78 276 14
0 79 246 89
0 80 223 174
0 81 203 251
0 82 189 330
0 83 186 405
0 84 193 485
END_TRACK
START_TRACK
0 79 214 441
0 80 211 410
0 81 210 365
0 82 212 328
0 83 218 310
0 84 218 302
0 85 218 304
0 86 218 306
0 87 218 306
0 88 218 306
0 89 218 306
0 90 218 306
0 91 218 306
0 92 218 306
0 93 218 306
0 94 218 306
0 95 218 306
0 96 218 306
0 97 218 306
0 98 218 305
0 99 218 305
0 100 219 306
END_TRACK
START_TRACK
0 80 235 427
0 81 239 330
0 82 251 230
0 83 274 127
0 84 309 28
END_TRACK
START_TRACK
0 80 262 49
0 81 239 123
0 82 213 201
0 83 195 281
0 84 190 356
0 85 184 443
END_TRACK
START_TRACK
0 80 262 19
0 81 235 95
0 82 210 176
0 83 187 267
0 84 177 348
0 85 173 428
END_TRACK
START_TRACK
0 80 246 424
0 81 248 336
0 82 257 256
0 83 275 168
0 84 299 79
0 85 334 2
END_TRACK
START_TRACK
0 80 278 10
0 81 252 86
0 82 225 163
0 83 206 241
0 84 193 315
0 85 185 394
0 86 189 470
END_TRACK
START_TRACK
0 80 248 472
0 81 247 385
0 82 252 318
0 83 257 276
0 84 281 250
0 85 320 246
0 86 382 245
0 87 447 246
END_TRACK
START_TRACK
0 80 435 412
0 81 384 410
0 82 337 414
0 83 304 413
0 84 276 413
0 85 265 416
0 86 248 402
0 87 233 381
0 88 227 336
0 89 237 276
0 90 249 193
0 91 271 112
0 92 295 40
END_TRACK
START_TRACK
0 81 237 485
0 82 234 370
0 83 246 265
0 84 267 153
0 85 298 46
END_TRACK
START_TRACK
0 81 274 25
0 82 246 105
0 83 223 193
0 84 201 268
0 85 191 349
0 86 191 423
END_TRACK
START_TRACK
0 81 253 46
0 82 223 126
0 83 200 213
0 84 184 301
0 85 174 380
0 86 174 458
END_TRACK
START_TRACK
0 81 248 18
0 82 222 81
0 83 198 135
0 84 188 183
0 85 177 217
0 86 152 233
0 87 119 237
0 88 76 235
0 89 22 238
END_TRACK
START_TRACK
0 82 228 422
0 83 231 340
0 84 240 259
0 85 255 170
0 86 283 93
0 87 311 10
END_TRACK
START_TRACK
0 82 266 31
0 83 240 118
0 84 216 205
0 85 196 292
0 86 189 373
0 87 188 453
END_TRACK
START_TRACK
0 82 35 267
0 83 69 268
0 84 86 269
0 85 99 268
0 86 102 271
0 87 102 271
0 88 103 269
0 89 103 269
0 90 105 269
0 91 111 270
0 92 117 269
0 93 127 269
0 94 122 268
0 95 122 270
0 96 123 269
0 97 123 267
0 98 123 270
0 99 128 270
0 100 139 272
END_TRACK
START_TRACK
0 83 267 35
0 84 240 121
0 85 217 207
0 86 195 299
0 87 186 376
0 88 185 457
END_TRACK
START_TRACK
0 83 253 6
0 84 221 74
0 85 200 133
0 86 186 184
0 87 173 213
0 88 149 228
0 89 118 230
0 90 80 227
0 91 27 226
END_TRACK
START_TRACK
0 83 474 429
0 84 427 419
0 85 387 421
0 86 379 421
0 87 372 421
0 88 369 421
0 89 366 420
0 90 367 420
0 91 367 420
0 92 367 420
0 93 367 421
0 94 367 420
0 95 367 418
0 96 367 421
0 97 367 421
0 98 358 420
0 99 337 424
0 100 304 427
END_TRACK
START_TRACK
0 84 273 26
0 85 244 102
0 86 218 187
0 87 198 267
0 88 189 351
0 89 185 435
END_TRACK
START_TRACK
0 84 248 27
0 85 222 104
0 86 198 186
0 87 178 267
0 88 160 351
0 89 143 436
END_TRACK
START_TRACK
0 84 252 57
0 85 219 134
0 86 200 227
0 87 182 313
0 88 174 401
0 89 178 484
END_TRACK
START_TRACK
0 85 259 33
0 86 232 108
0 87 209 185
0 88 190 266
0 89 181 342
0 90 175 423
END_TRACK
START_TRACK
0 85 258 11
0 86 231 83
0 87 204 153
0 88 187 231
0 89 173 308
0 90 160 379
0 91 136 449
END_TRACK
START_TRACK
0 86 253 44
0 87 229 122
0 88 204 206
0 89 189 295
0 90 177 381
0 91 174 458
END_TRACK
START_TRACK
0 86 28 269
0 87 47 268
0 88 47 268
0 89 51 269
0 90 57 269
0 91 57 266
0 92 55 266
0 93 59 268
0 94 70 266
0 95 80 269
0 96 77 266
0 97 78 265
0 98 78 267
0 99 77 267
0 100 82 267
END_TRACK
START_TRACK
0 87 240 82
0 88 217 164
0 89 194 246
0 90 180 334
0 91 174 420
END_TRACK
START_TRACK
0 87 257 71
0 88 230 150
0 89 208 238
0 90 193 326
0 91 188 411
0 92 190 487
END_TRACK
START_TRACK
0 88 226 65
0 89 208 125
0 90 186 183
0 91 174 215
0 92 145 230
0 93 99 237
0 94 52 238
0 95 2 234
END_TRACK
START_TRACK
0 89 242 75
0 90 220 154
0 91 195 231
0 92 181 314
0 93 172 385
0 94 174 432
0 95 173 448
0 96 175 446
0 97 171 446
0 98 174 449
0 99 173 447
0 100 173 448
END_TRACK
START_TRACK
0 90 249 20
END_TRACK
START_TRACK
0 90 267 31
0 91 243 106
0 92 220 185
0 93 204 260
0 94 194 321
0 95 186 377
0 96 190 414
0 97 188 433
0 98 185 434
0 99 184 434
0 100 184 435
END_TRACK
START_TRACK
0 90 264 17
0 91 233 95
0 92 212 170
0 93 192 255
0 94 181 322
0 95 176 376
0 96 174 410
0 97 174 422
0 98 171 423
0 99 170 422
0 100 172 424
END_TRACK
START_TRACK
0 91 219 82
0 92 198 144
0 93 185 189
0 94 172 220
0 95 140 236
0 96 104 234
0 97 59 229
0 98 3 228
END_TRACK
START_TRACK
0 91 468 420
0 92 414 411
0 93 362 411
0 94 321 412
0 95 284 413
0 96 258 409
0 97 236 386
0 98 229 365
0 99 228 343
0 100 231 325
END_TRACK
START_TRACK
0 91 235 36
0 92 214 101
0 93 197 150
0 94 186 184
0 95 182 207
0 96 171 219
0 97 152 226
0 98 117 228
0 99 60 226
0 100 5 226
END_TRACK
START_TRACK
0 91 265 39
0 92 241 109
0 93 218 186
0 94 203 260
0 95 191 333
0 96 189 382
0 97 187 404
0 98 186 413
0 99 186 414
0 100 186 414
END_TRACK
START_TRACK
0 91 465 234
0 92 419 238
0 93 378 237
0 94 345 238
0 95 330 238
0 96 330 237
0 97 322 237
0 98 286 234
0 99 240 234
0 100 177 235
END_TRACK
START_TRACK
0 92 256 32
0 93 232 108
0 94 214 163
0 95 207 188
0 96 207 188
0 97 209 188
0 98 205 189
0 99 207 191
0 100 207 191
END_TRACK
START_TRACK
0 92 262 46
0 93 236 120
0 94 225 169
0 95 215 195
0 96 215 197
0 97 215 196
0 98 215 196
0 99 215 196
0 100 215 196
END_TRACK
START_TRACK
0 93 363 465
0 94 434 458
END_TRACK
START_TRACK
0 93 227 488
0 94 227 437
0 95 227 394
0 96 228 348
0 97 229 311
0 98 232 299
END_TRACK
START_TRACK
0 93 241 485
0 94 238 394
0 95 241 330
0 96 245 294
0 97 247 288
0 98 246 287
0 99 245 287
0 100 245 287
END_TRACK
START_TRACK
0 93 268 29
0 94 251 87
0 95 239 131
0 96 228 156
0 97 223 165
0 98 223 167
0 99 222 171
0 100 222 172
0 100 222 172
END_TRACK
START_TRACK
0 94 367 465
0 95 434 453
END_TRACK
START_TRACK
0 94 256 25
0 95 236 92
0 96 219 140
0 97 212 164
0 98 209 172
0 99 210 172
0 100 211 171
END_TRACK
START_TRACK
0 95 354 466
0 96 413 452
0 97 475 465
END_TRACK
START_TRACK
0 95 473 237
0 96 438 235
0 97 401 231
0 98 366 229
0 99 333 229
0 100 307 231
END_TRACK
START_TRACK
0 96 341 478
0 97 405 454
0 98 467 466
END_TRACK
START_TRACK
0 96 234 61
0 97 220 115
0 98 203 157
0 99 200 177
0 100 199 184
END_TRACK
START_TRACK
0 96 251 14
0 97 221 85
0 98 198 140
0 99 183 188
0 100 180 204
END_TRACK
START_TRACK
0 96 251 483
0 97 250 474
0 98 251 471
0 99 250 473
0 100 250 473
END_TRACK
START_TRACK
0 97 349 470
0 98 412 454
0 99 476 469
END_TRACK
START_TRACK
0 97 257 16
0 98 230 81
0 99 216 125
0 100 204 153
END_TRACK
START_TRACK
0 97 447 423
0 98 406 421
0 99 380 424
0 100 353 423
END_TRACK
START_TRACK
0 98 418 411
0 99 349 414
0 100 299 417
END_TRACK
START_TRACK
0 99 258 7
0 100 227 65
END_TRACK
END_FILE
